NOAA 15                 
1 25338U 98030A   24334.39695902  .00000592  00000+0  26204-3 0  9992
2 25338  98.5546 357.9856 0009945 196.0010 164.0858 14.26810320380995
DMSP 5D-3 F16 (USA 172) 
1 28054U 03048A   24334.52201785  .00000577  00000+0  32629-3 0  9993
2 28054  99.0205 342.5682 0006583 311.0040 201.4014 14.14213566 89649
NOAA 18                 
1 28654U 05018A   24334.44284510  .00000629  00000+0  35799-3 0  9995
2 28654  98.8625  49.9470 0013417 317.3313  42.6816 14.13436256  6609
METEOSAT-9 (MSG-2)      
1 28912U 05049B   24331.84702219  .00000144  00000+0  00000+0 0  9993
2 28912   8.0635  59.4636 0001814 203.9464 153.5423  1.00276594  1313
EWS-G1 (GOES 13)        
1 29155U 06018A   24334.51927616 -.00000224  00000+0  00000+0 0  9997
2 29155   3.0575  83.2836 0063807 256.8814  75.3780  0.98834317 67794
DMSP 5D-3 F17 (USA 191) 
1 29522U 06050A   24334.48851008  .00000637  00000+0  35327-3 0  9999
2 29522  98.7424 341.6673 0009307 224.6077 135.4348 14.14677875932566
FENGYUN 3A              
1 32958U 08026A   24334.29116086  .00000580  00000+0  29680-3 0  9992
2 32958  98.6254 276.7973 0008102 323.1495  36.9124 14.19293380855375
NOAA 19                 
1 33591U 09005A   24334.41847639  .00000585  00000+0  33636-3 0  9994
2 33591  99.0266  31.8063 0013813 182.7138 177.3961 14.13214193814963
GOES 14                 
1 35491U 09033A   24333.63653639 -.00000039  00000+0  00000+0 0  9994
2 35491   0.2126  91.7802 0003030 117.8006 339.0768  1.00273257   925
DMSP 5D-3 F18 (USA 210) 
1 35951U 09057A   24334.46024445  .00000811  00000+0  44625-3 0  9992
2 35951  98.8362 307.7869 0012150  58.6394 301.5967 14.14402747779722
EWS-G2 (GOES 15)        
1 36411U 10008A   24334.09904140  .00000065  00000+0  00000+0 0  9996
2 36411   0.1705 272.8638 0006349 334.0462 278.8092  1.00268821 53967
COMS 1                  
1 36744U 10032A   24334.52255777 -.00000316  00000+0  00000+0 0  9995
2 36744   3.3704  82.7289 0000703 172.3026 130.1716  1.00273095 52991
FENGYUN 3B              
1 37214U 10059A   24334.58294484  .00000389  00000+0  22597-3 0  9999
2 37214  99.0391   4.8726 0021901 347.8368  85.9034 14.14631230727638
SUOMI NPP               
1 37849U 11061A   24334.54017695  .00000367  00000+0  19505-3 0  9991
2 37849  98.7386 270.1313 0002038 110.1679 249.9716 14.19507468678328
METEOSAT-10 (MSG-3)     
1 38552U 12035B   24334.08687812  .00000021  00000+0  00000+0 0  9991
2 38552   3.3422  61.7844 0000903 218.4069 179.7859  1.00267134 45550
METOP-B                 
1 38771U 12049A   24334.44335469  .00000524  00000+0  25875-3 0  9996
2 38771  98.6070  27.7832 0000930  79.6970 280.4313 14.21597617633025
INSAT-3D                
1 39216U 13038B   24333.96967764 -.00000311  00000+0  00000+0 0  9999
2 39216   0.4600  90.6128 0001994 161.0671 295.2637  1.00275192 41639
FENGYUN 3C              
1 39260U 13052A   24334.55299621  .00000403  00000+0  22376-3 0  9995
2 39260  98.4392 325.4907 0010513 204.8165 155.2506 14.16354572578735
METEOR-M 2              
1 40069U 14037A   24334.42438818  .00000570  00000+0  28146-3 0  9993
2 40069  98.4504 321.4076 0004752 231.7591 128.3160 14.21150257539095
HIMAWARI-8              
1 40267U 14060A   24333.82889008 -.00000248  00000+0  00000+0 0  9991
2 40267   0.0279  68.9446 0000706 167.6479 270.6489  1.00273142 37094
FENGYUN 2G              
1 40367U 14090A   24334.39243701 -.00000273  00000+0  00000+0 0  9990
2 40367   4.2000  79.6308 0002082 190.2025  39.6598  1.00264588 36375
METEOSAT-11 (MSG-4)     
1 40732U 15034A   24334.30312381  .00000093  00000+0  00000+0 0  9996
2 40732   1.7886  71.4825 0001509 190.5975 285.2090  1.00278753 34349
ELEKTRO-L 2             
1 41105U 15074A   24334.15542687 -.00000090  00000+0  00000+0 0  9990
2 41105   5.2618  77.4562 0003695 188.8871 203.6926  1.00272521 32856
INSAT-3DR               
1 41752U 16054A   24331.81462617 -.00000056  00000+0  00000+0 0  9993
2 41752   0.1505  91.9030 0014035 176.1726 165.4455  1.00272827 30122
HIMAWARI-9              
1 41836U 16064A   24334.52715285 -.00000246  00000+0  00000+0 0  9991
2 41836   0.0346 123.5166 0001031 119.1759 156.7664  1.00271374 29640
GOES 16                 
1 41866U 16071A   24334.35777167 -.00000220  00000+0  00000+0 0  9992
2 41866   0.0236 255.3105 0001101  53.1478 173.8988  1.00271981 29431
FENGYUN 4A              
1 41882U 16077A   24334.46137535 -.00000168  00000+0  00000+0 0  9998
2 41882   0.8781  85.8267 0009495 338.4019 257.1232  1.00267847 29312
CYGFM05                 
1 41884U 16078A   24333.42255357  .00022883  00000+0  69477-3 0  9993
2 41884  34.9637 337.1800 0011993 253.0033 106.9370 15.33091332441241
CYGFM04                 
1 41885U 16078B   24333.95577472  .00025196  00000+0  73764-3 0  9991
2 41885  34.9383 315.9909 0010985 272.1464  87.7995 15.34235038441438
CYGFM02                 
1 41886U 16078C   24334.39304455  .00025359  00000+0  72481-3 0  9996
2 41886  34.9478 314.9352 0013529 270.5094  89.4073 15.34953683441667
CYGFM01                 
1 41887U 16078D   24333.42918598  .00022805  00000+0  69824-3 0  9999
2 41887  34.9470 341.1837 0012464 238.1172 121.8332 15.32819884441171
CYGFM08                 
1 41888U 16078E   24334.37955025  .00024052  00000+0  70788-3 0  9998
2 41888  34.9496 321.6648 0013762 269.4455  90.4685 15.34041298441547
CYGFM07                 
1 41890U 16078G   24334.31801562  .00024937  00000+0  72484-3 0  9998
2 41890  34.9520 312.9605 0011402 282.5999  77.3443 15.34457070441659
CYGFM03                 
1 41891U 16078H   24334.36508148  .00024191  00000+0  70684-3 0  9990
2 41891  34.9470 313.9977 0010583 268.1113  91.8393 15.34306620441642
FENGYUN 3D              
1 43010U 17072A   24334.46577231  .00000449  00000+0  23454-3 0  9993
2 43010  98.9350 290.2774 0000934 182.1270 177.9902 14.19508567364860
NOAA 20 (JPSS-1)        
1 43013U 17073A   24334.41582430  .00000363  00000+0  19292-3 0  9999
2 43013  98.7227 269.6599 0002350  89.4086 270.7359 14.19577036364345
GOES 17                 
1 43226U 18022A   24333.85156590 -.00000063  00000+0  00000+0 0  9992
2 43226   0.0059 101.5871 0003232 150.6177  17.9163  1.00272359 24757
FENGYUN 2H              
1 43491U 18050A   24334.45989837 -.00000100  00000+0  00000+0 0  9994
2 43491   1.5708  85.6803 0001067 150.9264  76.9731  1.00274897 23843
METOP-C                 
1 43689U 18087A   24334.48443501  .00000504  00000+0  25039-3 0  9999
2 43689  98.7035  31.6512 0001168  27.5146 332.6093 14.21481015314600
GEO-KOMPSAT-2A          
1 43823U 18100A   24334.51883572 -.00000315  00000+0  00000+0 0  9993
2 43823   0.0403 113.8767 0000658  24.9820 245.0952  1.00273550 22000
METEOR-M2 2             
1 44387U 19038A   24334.41571455  .00000555  00000+0  26121-3 0  9994
2 44387  98.8504 304.4896 0001130 152.9551 207.1686 14.24076119280903
ARKTIKA-M 1             
1 47719U 21016A   24331.25575036  .00000143  00000+0  00000+0 0  9990
2 47719  63.1351 132.8367 7004635 268.4853  17.5000  2.00606846 27396
FENGYUN 3E              
1 49008U 21062A   24334.39488724  .00000178  00000+0  10474-3 0  9997
2 49008  98.7382 333.5157 0000526 292.6321  67.4799 14.19818578176430
GOES 18                 
1 51850U 22021A   24334.49751442  .00000125  00000+0  00000+0 0  9994
2 51850   0.0119  77.9481 0000413 234.5780 158.4689  1.00272797 10147
NOAA 21 (JPSS-2)        
1 54234U 22150A   24334.45365487  .00000436  00000+0  22758-3 0  9995
2 54234  98.7080 270.3043 0002040  49.2977 310.8376 14.19558206106427
METEOSAT-12 (MTG-I1)    
1 54743U 22170C   24334.08679124  .00000021  00000+0  00000+0 0  9999
2 54743   0.6227  42.8677 0000959 179.6893 236.7888  1.00274005  7303
TIANMU-1 03             
1 55973U 23039A   24334.47006098  .00021593  00000+0  78262-3 0  9993
2 55973  97.4815 124.8646 0004040 327.0126  33.0861 15.28377479 94046
TIANMU-1 04             
1 55974U 23039B   24334.44113819  .00022596  00000+0  81496-3 0  9998
2 55974  97.4742 124.2574 0004992 321.3786  38.7096 15.28524546 94035
TIANMU-1 05             
1 55975U 23039C   24334.43749693  .00022158  00000+0  80316-3 0  9997
2 55975  97.4789 124.6564 0003964 347.9133  12.2011 15.28369311 94028
TIANMU-1 06             
1 55976U 23039D   24334.46319825  .00022043  00000+0  79273-3 0  9994
2 55976  97.4802 124.8841 0004401 343.9558  16.1541 15.28627660 94035
METEOR-M2 3             
1 57166U 23091A   24334.45652921  .00000153  00000+0  85763-4 0  9991
2 57166  98.6919  27.4708 0004272  25.7722 334.3669 14.23955772 74142
TIANMU-1 07             
1 57399U 23101A   24334.45677641  .00014000  00000+0  63282-3 0  9994
2 57399  97.3421  27.1691 0004017 350.3936   9.7222 15.21043808 75510
TIANMU-1 08             
1 57400U 23101B   24334.42481612  .00014033  00000+0  63358-3 0  9995
2 57400  97.3411  26.9901 0006325 348.9869  11.1227 15.21072531 75501
TIANMU-1 09             
1 57401U 23101C   24334.40839935  .00014178  00000+0  64096-3 0  9999
2 57401  97.3366  26.7177 0005991 346.8961  13.2118 15.21027416 75506
TIANMU-1 10             
1 57402U 23101D   24334.44156220  .00014913  00000+0  67346-3 0  9991
2 57402  97.3445  27.1972 0008052 340.8072  19.2859 15.21039277 75507
FENGYUN 3F              
1 57490U 23111A   24334.47919153  .00000366  00000+0  19296-3 0  9992
2 57490  98.7530  41.9481 0000940  46.0690 314.0564 14.19947036 68724
ARKTIKA-M 2             
1 58584U 23198A   24332.98601269  .00000131  00000+0  00000+0 0  9991
2 58584  63.2379 216.6740 6918883 269.5179  17.8896  2.00592600  6964
TIANMU-1 11             
1 58645U 23205A   24334.46007026  .00012215  00000+0  59337-3 0  9991
2 58645  97.3904 355.5362 0010548 179.8874 180.2365 15.18543736 51568
TIANMU-1 12             
1 58646U 23205B   24334.41085951  .00013045  00000+0  63463-3 0  9997
2 58646  97.3890 355.3851 0008750 171.1291 189.0099 15.18491945 51547
TIANMU-1 13             
1 58647U 23205C   24334.44375959  .00012053  00000+0  58628-3 0  9996
2 58647  97.3918 355.4751 0009805 152.3982 207.7775 15.18506987 51541
TIANMU-1 14             
1 58648U 23205D   24334.49357755  .00012728  00000+0  61887-3 0  9996
2 58648  97.3843 355.2274 0010238 156.7269 203.4430 15.18502554 51553
TIANMU-1 19             
1 58660U 23208A   24334.47991057  .00016334  00000+0  77783-3 0  9999
2 58660  97.4205  83.2514 0007054 142.4365 217.7363 15.19195371 51229
TIANMU-1 20             
1 58661U 23208B   24334.43726600  .00016586  00000+0  76177-3 0  9991
2 58661  97.4141  83.2894 0009640 154.2651 205.9066 15.20424343 51249
TIANMU-1 21             
1 58662U 23208C   24334.51152470  .00018649  00000+0  82357-3 0  9998
2 58662  97.4179  83.9708 0009235 153.5404 206.6306 15.21749071 51288
TIANMU-1 22             
1 58663U 23208D   24334.41450622  .00015608  00000+0  73854-3 0  9992
2 58663  97.4197  83.2752 0005154 161.8726 198.2693 15.19435888 51220
TIANMU-1 15             
1 58700U 24004A   24333.89628160  .00013913  00000+0  67633-3 0  9999
2 58700  97.4597 152.3776 0008646 184.0627 176.0538 15.18505717 49739
TIANMU-1 16             
1 58701U 24004B   24334.47069411  .00013413  00000+0  65333-3 0  9993
2 58701  97.4522 152.6716 0008776 185.0858 175.0289 15.18444449 49822
TIANMU-1 17             
1 58702U 24004C   24334.45644716  .00014471  00000+0  70324-3 0  9990
2 58702  97.4564 152.8766 0007217 179.5271 180.5971 15.18518259 49811
TIANMU-1 18             
1 58703U 24004D   24334.43917605  .00013568  00000+0  65964-3 0  9999
2 58703  97.4584 152.9680 0007055 170.7337 189.4028 15.18518239 49815
INSAT-3DS               
1 58990U 24033A   24333.88313250 -.00000129  00000+0  00000+0 0  9999
2 58990   0.0417 269.5985 0001433 343.3159 215.4081  1.00271867 41400
METEOR-M2 4             
1 59051U 24039A   24334.45780513  .00000198  00000+0  10869-3 0  9991
2 59051  98.6224 292.4715 0007367  14.3322 345.8064 14.22307382 38981
GOES 19                 
1 60133U 24119A   24331.85363553 -.00000161  00000+0  00000+0 0  9998
2 60133   0.0108  76.6733 0000669 242.1911 325.2754  1.00270993  1276
